26 29 30 96 1775 775
53 68 69 41 1776 778
87 90 91 40 1777 781
107 110 111 97 1778 784
154 157 158 241 1779 787
190 193 194 183 1780 790
205 208 209 182 1781 793
248 251 252 215 1782 796
284 287 288 354 1783 799
311 326 327 299 1784 802
345 348 349 298 1785 805
365 368 369 355 1786 808
412 415 416 499 1787 811
448 451 452 441 1788 814
463 466 467 440 1789 817
506 509 510 473 1790 820
542 545 546 612 1791 823
569 584 585 557 1792 826
603 606 607 556 1793 829
623 626 627 613 1794 832
670 673 674 757 1795 835
706 709 710 699 1796 838
721 724 725 698 1797 841
764 767 768 731 1798 844
