51 66 67 39 1775 775
85 88 89 38 1776 778
24 27 28 94 1777 781
105 108 109 95 1778 784
203 206 207 180 1779 787
188 191 192 181 1780 790
152 155 156 239 1781 793
246 249 250 213 1782 796
309 324 325 297 1783 799
343 346 347 296 1784 802
282 285 286 352 1785 805
363 366 367 353 1786 808
461 464 465 438 1787 811
446 449 450 439 1788 814
410 413 414 497 1789 817
504 507 508 471 1790 820
567 582 583 555 1791 823
601 604 605 554 1792 826
540 543 544 610 1793 829
621 624 625 611 1794 832
719 722 723 696 1795 835
704 707 708 697 1796 838
668 671 672 755 1797 841
762 765 766 729 1798 844
